1000 2000.000 1000.000 0.000 EST1
1001 1989.104 1025.234 -0.768 CALLE
1002 1984.735 1022.207 -0.670 CALLE
1003 1993.060 1012.009 -0.414 CALLE
1004 1996.788 1014.985 -0.674 CALLE
1005 2007.809 1006.117 -0.763 CALLE
1006 2005.600 1000.577 -0.265 CALLE
1007 2025.862 994.700 -0.102 CALLE
1008 2026.920 999.290 -0.211 CALLE
1009 2130.993 993.385 -0.499 CALLE
1010 2130.966 989.326 -0.483 CALLE
1011 2161.541 988.085 -0.684 CALLE
1012 2161.755 992.487 -0.707 CALLE
1013 1993.814 992.600 -0.022 LINDERO
1014 2000.474 983.157 -0.174 LINDERO
1015 2116.010 986.358 -0.500 LINDERO
1016 2111.383 994.478 -0.507 EST2
1017 2164.331 992.130 -0.813 CALLE
1018 2192.383 988.511 -1.011 CALLE
1019 2191.655 984.262 -1.079 CALLE
1020 2210.755 979.266 -1.221 CALLE
1021 2212.363 983.458 -1.200 CALLE
1022 2236.489 975.619 -1.290 CALLE
1023 2249.947 972.993 -1.175 EST3
1024 2174.179 982.626 -0.962 LINDERO
1025 2242.898 963.401 -1.880 LINDERO
1026 2234.778 971.448 -1.182 CALLE
1027 2277.122 965.353 -1.265 CALLE
1028 2277.656 969.498 -1.281 CALLE
1029 2329.766 964.240 -0.852 CALLE
1030 2329.759 968.348 -0.871 CALLE
1031 2332.162 961.127 -0.744 EST4
1032 2338.751 960.020 -0.795 EST5
1033 2326.738 960.438 -1.241 LINDERO
1034 2327.171 956.381 -1.286 LINDERO
